2
Деталь3x2
black
10
Куб
8
0 0 0
60 0 0
60 60 0
0 60 0
0 0 60
60 0 60
60 60 60
0 60 60
12
0 1 4
4 1 5
1 2 5
5 2 6
2 3 6
6 3 7
3 0 7
7 0 4
3 0 1
1 3 2
7 4 5
5 6 7
Куб
8
60 0 0
120 0 0
120 60 0
60 60 0
60 0 60
120 0 60
120 60 60
60 60 60
12
0 1 4
4 1 5
1 2 5
5 2 6
2 3 6
6 3 7
3 0 7
7 0 4
3 0 1
1 3 2
7 4 5
5 6 7
Куб
8
120 0 0
180 0 0
180 60 0
120 60 0
120 0 60
180 0 60
180 60 60
120 60 60
12
0 1 4
4 1 5
1 2 5
5 2 6
2 3 6
6 3 7
3 0 7
7 0 4
3 0 1
1 3 2
7 4 5
5 6 7
Куб
8
0 60 0
60 60 0
60 120 0
0 120 0
0 60 60
60 60 60
60 120 60
0 120 60
12
0 1 4
4 1 5
1 2 5
5 2 6
2 3 6
6 3 7
3 0 7
7 0 4
3 0 1
1 3 2
7 4 5
5 6 7
Куб
8
60 60 0
120 60 0
120 120 0
60 120 0
60 60 60
120 60 60
120 120 60
60 120 60
12
0 1 4
4 1 5
1 2 5
5 2 6
2 3 6
6 3 7
3 0 7
7 0 4
3 0 1
1 3 2
7 4 5
5 6 7
Куб
8
120 60 0
180 60 0
180 120 0
120 120 0
120 60 60
180 60 60
180 120 60
120 120 60
12
0 1 4
4 1 5
1 2 5
5 2 6
2 3 6
6 3 7
3 0 7
7 0 4
3 0 1
1 3 2
7 4 5
5 6 7
Куб
8
180 0 0
240 0 0
240 60 0
180 60 0
180 0 60
240 0 60
240 60 60
180 60 60
12
0 1 4
4 1 5
1 2 5
5 2 6
2 3 6
6 3 7
3 0 7
7 0 4
3 0 1
1 3 2
7 4 5
5 6 7
Куб
8
180 60 0
240 60 0
240 120 0
180 120 0
180 60 60
240 60 60
240 120 60
180 120 60
12
0 1 4
4 1 5
1 2 5
5 2 6
2 3 6
6 3 7
3 0 7
7 0 4
3 0 1
1 3 2
7 4 5
5 6 7
Цилиндр
60 60 60
30
40
10
Цилиндр
180 60 60
30
40
10
НедетализированныйЦилиндр5
black
1
Цилиндр
60 60 60
20
20
5
ДетализированныйЦилиндр30
black
1
Цилиндр
60 60 60
20
15
400